69336878415943
69336944409663
69336944409663
126511549054015
63307021975568
565190877670
2302931869196646
196812985910387
1189402945052683
6071339016422
126657747460167
39033068371969
3314004422749
2302931869155686
196813321458803
3441202758737926
573780795622
126932625367111
39032732827654
692147938979933
1321613322389867
1323262398021637
2874818250825731
3377793228342104
3395385414394712
3412977600447320
3430569786499928
3378342984188760
3395935170241368
3413527356293976
3431119542346584
3378892740035416
3396484926088024
3414077112140632
3431669298193240
3379442495882072
3397034681934680
3414626867987288
3432219054039896
5369292909
