23123030310983
34118178991135
23123052231707
548685325816863
196812717473819
548937220546569
39033000214559
126445657313394
548944870957063
39033268650015
126445657313484
197102089592843
126447670575106
548940039118848
39033000214582
126447670579418
548941918167048
39033402867766
126447670579404
72305103921165
616730542438
46819985286253
766293178196077
766290963610624
766291097828354
766295191469060
766295325686849
1186308901715011
766290896499821
766291030719489
766291164937219
766293178203172
766160778673184
766291030719489
766291164937219
766295325686849
766299553545283
766299687763074
766293043985540
766160778673248
766293312420898
766290963610624
766291097828354
766295191469060
1186308834606145
766290896499821
766291030719489
766291164937219
766295325686849
766293043985475
766160778673188
766293043985408
766291030719489
1186304606747651
766290896499821
766291030719489
766291164937219
766295258577984
766295392795714
766293043985476
350929927204
