23134841471047
23134885401621
46204208568362
126488958491690
1185908393934880
142395547231206
2240228360678
3940743156941670
3941842726954353
3977576855135601
813718322308465
72174996922399
5547353172424
616730526182
1281010103574763
470900952607335
689947425689610
3223218624978948
1168587998470146
1731181240161479
605556089491466
605556156600320
605556223709185
605556693471234
605556827688969
605557297451019
605557364559890
605557431668755
31684558262292
833024870834289
2588250669353579
39316265426948
4448074935885944
75939846062296
478775305983085
2711957273092103
2449162446364848
3980164052221956
478301582303409
142872623316993
4459638213377968
3980226726362183
195649181450571
2874698644389808
599586086983
2555548625595816
39267511320647
2323272862888066
2557197893038635
39267309994055
2323272862863490
39383613115819
1140719644897
1798815518720742
2375499663352152
59937843121571
3958335342830566
3959434913777009
2874817964164465
3958335342986214
3993519773975921
3976477343491441
3959434913785201
3994619285620081
30853343062125
3975927587669361
3976477344007537
3959434913531249
3958885098800102
3994619285874033
13261157017709
3993519773975921
3977027099567473
23156777829745
3958885157438833
3994619285874033
12711401203821
3975927587669361
3976477344007537
3959434913785201
3994619285620081
3958885098800102
18208959342701
3958885157963121
3994069529798001
3994619285357937
3958335342986214
3977027099559281
12161645389933
3975927587669361
3977027099567473
23156778354033
3993519773730161
3994069529535857
22607005853805
3975927587669361
3958885157963121
3994069529798001
23156777829745
3994619285620081
42838125
