8804683087943
8804704998421
8818663642120
126466407794709
283150217404417
348764791526
39032772474540
400426997211230
400229931746280
407926528869353
3855712416104461
4489031190249488
1186166946537488
281790992372326
2252835806779469
470980946435815
3982980946908672
41099136013824
52094185177197
1689465676366680
1338284973041
9326995443173
39410620544691
551405288734750
3855438663426923
3856880697745424
1157954494480
39177479526477
3983048031445022
4400796369994729
71928209956999
39101318086787
142386824790056
3767944408793159
142455410049167
196821372960839
2684936193
